 52.12103947729117, 326.3806050260405, 4.886943997265822, 42.80758101916288, 237.5679366216974, 4.995632401939389, 45.06434421578734, 137.1809571492951, 5.019382567744768, 86.30432566609164, 56.52189655305672, 4.998384567417769, 86.50543015622638, 133.5653604288513, 4.960005662038246, -0.00480339953883471, 0.003946285690444675, 0.03731662140872061, -0.126642103935434, -0.1261605676513904, 4.994321018807939;
  56.1047628032368, 3.573347321079942, 4.799530135153186, 9.266539253271628, 60.35634862840048, 4.893254151489859, 46.77628415325724, 143.194139661162, 4.959474529962377, 94.8675688689578, 69.67322002459312, 5.016136911109196, 93.83928786233226, 143.8528050008296, 4.963836109557188, 0.0008985416254151184, 0.001098349444727072, 0.006160675029391127, -0.1231614794693046, -0.125494958549241, 5.010250258228697;
  99.5095076060521, 141.587663367265, 4.70953643678286, 19.80609194153697, 185.9243873981586, 4.739301500653248, 48.18278106754123, 124.5260156650638, 4.895429352639094, 92.88264913735281, 56.27003014368884, 5.018397319626921, 86.57510012804806, 132.5714251341854, 4.981918626501554, 0.003012971270833747, 0.004693045923179669, -0.006797347521024099, -0.122156296154535, -0.1249522272113648, 5.008120604276524;
  30.98215536992601, 128.7593060154417, 4.946989660578008, 14.80743921413394, 198.1291075562626, 5.059881370771142, 59.30344736554127, 140.5103139185002, 5.041296697754927, 102.185867412088, 63.29364129144916, 4.995336222789712, 95.83041628872975, 140.7402770847027, 4.95877269848485, -0.001063082542157004, 0.004965438601051837, 0.02467429456439741, -0.1249077150294769, -0.1243515327618336, 5.004097291017281;
  23.96989143913456, 253.8006684811698, 4.847357402414445, 12.63259901045004, 229.0929166813985, 5.066501086011481, 40.62370543619911, 140.7703233023596, 5.042784701775347, 86.61582338623482, 62.82686057723296, 5.005410595919131, 86.05749822799487, 141.7209212587448, 5.007973852348073, -0.01239012355166186, 0.1499805993502671, 0.08501835024957914, -0.1314821290886309, -0.1130657062891734, 5.008378711206026;
  71.14896633433102, 226.0236223351786, 4.819674963518304, 12.86768422356827, 224.8735747661582, 5.002922167888077, 42.06395992788136, 135.310997786685, 5.031136361149764, 93.60626531556299, 60.29508234207525, 5.03076058850964, 89.04377032304208, 138.7499775622903, 5.021542271365712, 0.01666305273206796, 0.08189729408194067, 0.01955023933304279, -0.1230521507363923, -0.1198209335681887, 5.034394847973323;
  -97.93985200859012, 121.3756962016875, 4.815043743699647, -34.90192985522633, 149.3542664846483, 4.94392422516573, 42.47665840843736, 137.8864600803594, 4.987050986079769, 91.99163208362421, 61.78143857016644, 5.001570421351411, 89.43356412025273, 139.2219510631307, 4.975876123624422, -0.002788608528111402, 0.006444785446596938, 0.01848068350135354, -0.124738848066937, -0.1250417113861794, 5.007545299908682;
  120.5796664423158, 269.4853663225804, 4.766759392089804, 52.33275561664596, 226.1498041092889, 4.847224574931459, 50.37690221426863, 134.1480338780858, 4.940164369889021, 101.5874125883787, 60.96327015673636, 4.985326370753556, 96.54624837585099, 138.6975501672829, 4.971113260755516, 0.007833581034657084, 0.0108993177119441, -0.01177334501750732, -0.1213542748621043, -0.1243193187587653, 5.006145570972843;
  39.24098151825702, 64.58206782184222, 4.765844232047565, -9.046130842254398, 119.1361222542807, 4.847860608454327, 40.65096657217354, 134.7313452702134, 4.991227407717307, 90.7898597715506, 60.15566986882636, 5.030566816171792, 87.49300073749984, 135.6927793694465, 4.977977816215025, 0.005563637590181259, -0.01351091501595837, 0.009213426309181774, -0.1238510641413757, -0.1264943003369473, 5.007267382965894;
  33.57772486683376, 226.9736210257407, 4.481984036467686, 24.71100058728144, 189.8301537462187, 4.732245428280063, 43.06580462307917, 137.5940561057999, 4.984845964961246, 93.59849183925159, 62.97022659827445, 5.026780995919995, 90.24696446632508, 140.1299397148044, 4.985133000564193, 0.002463789436440192, 0.0004919922039468121, 0.002395856359136926, -0.1224027343893965, -0.1257815255851309, 5.008168494013329;
  51.20306467125295, 238.2187163697606, 4.793356875744426, 14.98820918216936, 225.8729679065663, 4.972307713538512, 44.6559719512335, 137.6657176222606, 4.998284545868126, 95.75760349527397, 62.07468304494011, 5.017595032040157, 91.84445270491874, 140.6400969685471, 5.016327560828323, 0.01604442736674304, 0.1397860447294742, -0.1169702195763452, -0.1146786784484571, -0.1159190659224761, 5.020610294249035;
  148.6361839279164, 183.2124870502512, 4.742872641831409, 62.91152779975879, 187.8824591440325, 4.766003649465627, 48.4602275830205, 128.4301023649294, 4.948370573044307, 97.64263919199811, 58.44525198883038, 5.038777524463084, 93.89774380632842, 133.8327506496818, 4.985850141910837, 0.002338208873633121, -0.007636635486780306, -0.02233579571522855, -0.1210652657534117, -0.1276965338115904, 5.011169466418021;
  26.03199374761954, 274.8642902677383, 4.85909263720286, -20.18358442879416, 191.7168653305534, 4.907410656348141, 47.56544073420444, 130.1041368290667, 4.925942055307044, 96.25291166799487, 55.86409177294335, 4.984946256417204, 92.24437767081501, 133.7570499161507, 4.964430915292747, 0.001694407345009014, 0.005867509721806205, -0.004330347392876425, -0.1224602578426957, -0.124697854314425, 5.008569803887294;
  -90.43083698529794, 269.2701300480369, 4.94537192945439, -19.01429589950011, 206.7682348617145, 5.026405022578811, 41.99225843791496, 134.5964126944799, 5.012684331152395, 88.02171921576856, 55.37469656346388, 4.97998268675693, 84.11748176705333, 136.5741141306153, 4.966597744843313, 0.0007201036568747581, 0.004908550360700436, 0.01708674058643102, -0.1244043174559381, -0.1252334376853665, 5.005326287823319;
  29.95218263403634, 197.2664522744271, 4.77131617313723, 10.68435881083998, 221.8734687999708, 4.994850772159061, 41.16328667515627, 137.7444025321864, 5.021370391940926, 84.08185631773118, 57.54431489844111, 4.994911352624933, 81.9094235292082, 134.2751329841201, 4.95004631882476, -0.007292072293472969, -0.0168845356369487, 0.09594699327896244, -0.1340015190741935, -0.1292639672290459, 4.976795168283902;
  -0.4400101826460853, 118.9319397346082, 4.86351912744912, 4.19462863272285, 206.0411815243537, 4.969028029882477, 40.40656255530948, 139.7385979145645, 5.002239328237967, 85.8915661354082, 60.45896834718241, 4.998051515898797, 86.68496134744822, 138.5306162548444, 4.978902603366793, -0.01585007526351729, 0.03245287009272815, 0.04787200142956764, -0.1266260413140118, -0.1225001227734722, 5.007368833890904;
  34.13937470039249, 117.0105935440651, 4.634535903072345, 3.087539146292506, 159.0230844421663, 4.783629432158826, 49.04867813707838, 131.4000600110536, 4.945795390933736, 101.818030897561, 59.90488631662729, 5.004779304323384, 95.7640020519493, 137.171307488631, 4.968909959612962, 0.01696091284625859, 0.005803951604372082, -0.04026445582557712, -0.1176114518648941, -0.1246834854562164, 4.998541032057644;
  -43.87984725769564, 296.8947970859684, 5.087139330484923, -2.342665628692403, 219.4001432508484, 5.090599760859375, 41.30230653690091, 138.3320720302983, 4.965350861936588, 90.07026691146227, 61.15039585171691, 4.968312526313539, 88.52585973782148, 139.8448080644071, 4.954388368526137, 0.002146493553253171, 0.01671680691568856, 0.005240471151993002, -0.1235059997541055, -0.1233591357986361, 5.003760655148568;
  10.84888069246603, 254.3234330865431, 4.933487772340946, -16.2313538167573, 199.2812745350344, 5.029240253109639, 35.31196436510464, 135.6956140477035, 4.976146954910337, 77.06466253287184, 52.34266676572511, 4.980103998378057, 82.97328728009948, 136.4492698788108, 4.988257443615466, -0.0003413882717559573, 0.003149912447735867, 0.006717898600889204, -0.1233660738170497, -0.125271646763099, 5.008692288347681;
  13.74477471793817, 289.425305761762, 4.798432154331794, 22.29910300814796, 225.849082977801, 4.993382526553389, 43.99001408865873, 125.8642842130021, 4.991327258442948, 92.59956392564271, 47.29673885836096, 4.960350583665657, 90.42134101615238, 128.1806521006891, 4.972314601806324, -0.002100354274037513, 0.01181129178227281, 0.005038861788444047, -0.1236106289772018, -0.124229642475061, 5.009152330437825;
  63.10104479298126, 36.64725410047242, 4.838057279457056, 10.2862824793541, 87.97543300781913, 4.91205521271683, 50.13797520506133, 139.7038492651791, 4.978760519226181, 101.332970691421, 62.15266205413833, 5.000300706493755, 92.27819410651334, 145.1883050478105, 4.961979455075795, 0.004197918928427052, -0.002309998466129231, 0.006223033590008813, -0.1232417374979977, -0.1249380614295599, 5.003274820356932;
  55.22984798821489, 315.7446041794374, 4.95597066910056, 59.63070132889766, 243.0224594348549, 5.12324472289174, 62.13427805446845, 139.8121061500512, 5.110852871644273, 88.48322605749016, 58.22651690651594, 5.034914157760007, 87.39233273023652, 133.6781453739527, 4.992432418031192, -0.003623076899286485, 0.004374356327270318, 0.01828887358559067, -0.1238890022771152, -0.1254785197646666, 5.008865662010098;
  45.50907450958475, 174.1536852968597, 4.844232484988847, 35.24166554248776, 230.8309869567229, 5.01155414842451, 55.8360568074289, 137.2485954779315, 5.07481810597822, 88.64548718334019, 56.03847864004309, 5.014811835289303, 86.00386893606444, 131.0261668563844, 4.967869303127547, -0.005362549817269775, -0.004183359274847526, 0.02804728390573253, -0.1249089925584876, -0.1255783401261607, 5.001923906289083;
  64.4838400309615, 198.2910004337015, 4.681632013221876, 21.95906541416361, 215.2795292036533, 4.84830780365078, 46.6177360466646, 128.174589799386, 4.946254028083767, 95.24632318848289, 54.06672079964427, 5.023006766775582, 94.50497032306501, 129.7273248708084, 4.961036693891188, -0.00424964985295961, -0.1333419430622402, -0.1175715068349796, -0.1140361244112921, -0.1356060081071747, 5.02010338907683;
  10.03131137121731, 207.3370235726762, 4.722937244732059, -8.701924988680567, 209.252198293088, 4.935340328181887, 31.77948253140146, 126.4583784670708, 4.995361596925013, 89.36339938839131, 56.96832984639981, 5.01877683857469, 78.02528062688896, 132.8684291401389, 4.963953729030681, 0.1089152429522836, -0.1062823245584287, 0.09537091798300874, -0.1286938096138693, -0.1274204434158499, 5.015572032380571;
  -6.891935273607541, 346.8286457865283, 4.914413419586092, 18.07095913575496, 242.1706936728917, 4.944817969317558, 41.28643080215569, 137.3453833334169, 4.976019427364332, 90.4101039749889, 61.13439514708479, 4.995150052961739, 88.29250759490792, 138.3145575593486, 4.962527439590647, -0.002465564215132023, -0.00077205792221776, 0.008430672204224462, -0.1233864975865433, -0.1261938797422194, 5.010673188818068;
  58.52853605857072, 140.9797983457918, 4.612440788601733, 2.262793688527163, 156.3977131059081, 4.758333795210707, 51.93474035889557, 127.9156274819328, 4.895783145442184, 97.8936789983243, 59.95791042413849, 5.010358247733563, 92.85552651350088, 135.6667579612973, 4.970336345132721, 0.001601070285149024, 0.004330261662615773, -0.008976058041871415, -0.1220343661609568, -0.1254650802863602, 5.007524482823693;
  39.19211639844854, 249.9817566628896, 4.887144498097435, 24.20233330674223, 221.5557888970051, 5.14025861169281, 50.31902778209764, 137.8374667997747, 5.050927300362925, 86.93358591794255, 56.62287176097016, 5.013006020499527, 88.26032019164931, 132.4629007601085, 4.970556611786638, -0.0039428273069429, 0.0006472056624669488, 0.01788370769016266, -0.124279769479154, -0.1253751275511612, 5.007767100366143;
  -54.19119847913846, 8.045994991209493, 4.622101174522945, -18.07370860325893, 79.06076260172406, 4.785330169745874, 40.82630273878478, 128.2145680255076, 4.92164453229404, 88.65316549542474, 56.03393499776526, 5.012242450524285, 86.02602284481104, 132.2345622676771, 4.970270045933593, 0.001187697935085211, 0.0004351436589970462, -0.0007592402413262875, -0.1221317727880159, -0.1253944770203945, 5.011947982785991;
  51.42660611118121, 217.6013233614083, 4.697887147500613, 30.5392326357807, 232.6362841717861, 4.905615970872112, 49.41289106479415, 139.5197658256609, 4.967951934037804, 87.96446258483391, 53.29834995734779, 4.998999849892517, 95.91755173805205, 129.7248019538321, 4.942103543455105, -0.1569756085945082, -0.1072901873302066, 0.0430932412950616, -0.1237025742483299, -0.1387310156806254, 4.993723744225333 